# year, Drama, Drama-length, Documentary, Documentary-length, Comedy, Comedy-length, Romance, Romance-length, Thriller, Thriller-length, Action, Action-length, Crime, Crime-length, Adventure, Adventure-length, Horror, Horror-length, Music, Music-length, Family, Family-length, Mystery, Mystery-length, Biography, Biography-length, History, History-length, Musical, Musical-length, Fantasy, Fantasy-length, Sci-Fi, Sci-Fi-length, War, War-length, Western, Western-length, Short, Short-length, Sport, Sport-length, Animation, Animation-length, Film-Noir, Film-Noir-length, Lifestyle, Lifestyle-length, Experimental, Experimental-length, Commercial, Commercial-length, total, total-length

0	0.0	0.0	0.0	0.0	0.0	0.0	0.0	0.0	0.0	0.0	0.0	0.0	0.0	0.0	0.0	0.0	0.0	0.0	0.0	0.0	0.0	0.0	0.0	0.0	0.0	0.0	0.0	0.0	0.0	0.0	0.0	0.0	0.0	0.0	0.0	0.0	0.0	0.0	0.0	0.0	0.0	0.0	0.0	0.0	0.0	0.0	0.0	0.0	0.0	0.0	0.0	0.0	0.0	0.0
1888	0.0	0.0	0.0	0.0	0.0	0.0	0.0	0.0	0.0	0.0	0.0	0.0	0.0	0.0	0.0	0.0	0.0	0.0	0.0	0.0	0.0	0.0	0.0	0.0	0.0	0.0	0.0	0.0	0.0	0.0	0.0	0.0	0.0	0.0	0.0	0.0	0.0	0.0	1.0	1.0	0.0	0.0	0.0	0.0	0.0	0.0	0.0	0.0	0.0	0.0	0.0	0.0	1.0	1.0
1891	0.0	0.0	1.0	1.0	0.0	0.0	0.0	0.0	0.0	0.0	0.0	0.0	0.0	0.0	0.0	0.0	0.0	0.0	0.0	0.0	0.0	0.0	0.0	0.0	0.0	0.0	0.0	0.0	0.0	0.0	0.0	0.0	0.0	0.0	0.0	0.0	0.0	0.0	4.0	4.0	0.0	0.0	0.0	0.0	0.0	0.0	0.0	0.0	0.0	0.0	0.0	0.0	5.0	5.0
1892	0.0	0.0	0.0	0.0	1.0	4.0	1.0	4.0	0.0	0.0	0.0	0.0	0.0	0.0	0.0	0.0	0.0	0.0	0.0	0.0	0.0	0.0	0.0	0.0	0.0	0.0	0.0	0.0	0.0	0.0	0.0	0.0	0.0	0.0	0.0	0.0	0.0	0.0	2.0	5.0	1.0	1.0	1.0	4.0	0.0	0.0	0.0	0.0	0.0	0.0	0.0	0.0	6.0	18.0
1893	0.0	0.0	0.0	0.0	0.0	0.0	0.0	0.0	0.0	0.0	0.0	0.0	0.0	0.0	0.0	0.0	0.0	0.0	0.0	0.0	0.0	0.0	0.0	0.0	0.0	0.0	0.0	0.0	0.0	0.0	0.0	0.0	0.0	0.0	0.0	0.0	0.0	0.0	1.0	1.0	0.0	0.0	0.0	0.0	0.0	0.0	0.0	0.0	0.0	0.0	0.0	0.0	1.0	1.0
1894	1.0	1.0	11.0	11.0	3.0	3.0	0.0	0.0	0.0	0.0	1.0	1.0	0.0	0.0	0.0	0.0	0.0	0.0	0.0	0.0	0.0	0.0	0.0	0.0	0.0	0.0	0.0	0.0	0.0	0.0	0.0	0.0	0.0	0.0	0.0	0.0	0.0	0.0	28.0	28.0	6.0	6.0	0.0	0.0	0.0	0.0	0.0	0.0	0.0	0.0	0.0	0.0	50.0	50.0
1895	0.0	0.0	19.0	22.0	4.0	4.0	0.0	0.0	0.0	0.0	0.0	0.0	0.0	0.0	0.0	0.0	0.0	0.0	0.0	0.0	0.0	0.0	0.0	0.0	0.0	0.0	1.0	1.0	0.0	0.0	0.0	0.0	1.0	1.0	0.0	0.0	0.0	0.0	33.0	43.0	3.0	6.0	1.0	2.0	0.0	0.0	0.0	0.0	0.0	0.0	0.0	0.0	62.0	79.0
1896	1.0	1.0	68.0	70.0	8.0	8.0	1.0	1.0	0.0	0.0	1.0	1.0	1.0	1.0	0.0	0.0	1.0	3.0	0.0	0.0	2.0	2.0	0.0	0.0	1.0	1.0	0.0	0.0	0.0	0.0	1.0	1.0	0.0	0.0	0.0	0.0	0.0	0.0	154.0	167.0	2.0	4.0	0.0	0.0	0.0	0.0	0.0	0.0	0.0	0.0	0.0	0.0	241.0	260.0
1897	0.0	0.0	44.0	63.0	12.0	13.0	1.0	1.0	0.0	0.0	0.0	0.0	0.0	0.0	0.0	0.0	1.0	2.0	0.0	0.0	0.0	0.0	0.0	0.0	0.0	0.0	1.0	1.0	0.0	0.0	1.0	2.0	0.0	0.0	2.0	2.0	0.0	0.0	106.0	135.0	0.0	0.0	0.0	0.0	0.0	0.0	0.0	0.0	0.0	0.0	0.0	0.0	168.0	219.0
1898	3.0	13.0	20.0	25.0	7.0	23.0	0.0	0.0	0.0	0.0	0.0	0.0	1.0	1.0	0.0	0.0	1.0	1.0	0.0	0.0	1.0	1.0	0.0	0.0	0.0	0.0	1.0	1.0	0.0	0.0	4.0	6.0	0.0	0.0	3.0	3.0	0.0	0.0	54.0	88.0	0.0	0.0	0.0	0.0	0.0	0.0	0.0	0.0	0.0	0.0	0.0	0.0	95.0	162.0
1899	5.0	24.0	13.0	16.0	11.0	13.0	1.0	1.0	0.0	0.0	0.0	0.0	0.0	0.0	1.0	1.0	1.0	1.0	0.0	0.0	0.0	0.0	0.0	0.0	1.0	13.0	0.0	0.0	0.0	0.0	5.0	8.0	0.0	0.0	1.0	1.0	1.0	1.0	76.0	107.0	2.0	2.0	1.0	2.0	0.0	0.0	0.0	0.0	0.0	0.0	0.0	0.0	119.0	190.0
1900	5.0	19.0	22.0	37.0	21.0	34.0	0.0	0.0	0.0	0.0	0.0	0.0	1.0	1.0	0.0	0.0	0.0	0.0	6.0	18.0	0.0	0.0	0.0	0.0	0.0	0.0	1.0	10.0	0.0	0.0	6.0	11.0	0.0	0.0	2.0	5.0	0.0	0.0	90.0	160.0	1.0	1.0	2.0	3.0	0.0	0.0	0.0	0.0	0.0	0.0	0.0	0.0	157.0	299.0
1901	7.0	30.0	30.0	96.0	21.0	35.0	2.0	3.0	0.0	0.0	1.0	2.0	1.0	5.0	0.0	0.0	1.0	9.0	0.0	0.0	1.0	5.0	0.0	0.0	0.0	0.0	1.0	4.0	0.0	0.0	17.0	55.0	1.0	3.0	2.0	4.0	0.0	0.0	94.0	230.0	0.0	0.0	0.0	0.0	0.0	0.0	0.0	0.0	0.0	0.0	0.0	0.0	179.0	481.0
1902	4.0	16.0	18.0	48.0	10.0	15.0	0.0	0.0	0.0	0.0	0.0	0.0	0.0	0.0	2.0	21.0	0.0	0.0	0.0	0.0	0.0	0.0	0.0	0.0	0.0	0.0	1.0	4.0	0.0	0.0	10.0	42.0	1.0	16.0	0.0	0.0	0.0	0.0	60.0	148.0	0.0	0.0	0.0	0.0	0.0	0.0	0.0	0.0	0.0	0.0	0.0	0.0	106.0	310.0
1903	11.0	109.0	30.0	75.0	26.0	63.0	1.0	4.0	0.0	0.0	3.0	10.0	3.0	10.0	2.0	31.0	0.0	0.0	1.0	3.0	1.0	1.0	0.0	0.0	1.0	44.0	0.0	0.0	0.0	0.0	20.0	81.0	0.0	0.0	0.0	0.0	4.0	48.0	104.0	395.0	2.0	4.0	0.0	0.0	0.0	0.0	0.0	0.0	0.0	0.0	0.0	0.0	209.0	878.0
1904	14.0	117.0	40.0	170.0	29.0	132.0	0.0	0.0	0.0	0.0	1.0	3.0	6.0	35.0	2.0	37.0	0.0	0.0	0.0	0.0	0.0	0.0	0.0	0.0	0.0	0.0	0.0	0.0	0.0	0.0	14.0	63.0	1.0	24.0	2.0	18.0	0.0	0.0	115.0	540.0	0.0	0.0	0.0	0.0	0.0	0.0	0.0	0.0	0.0	0.0	0.0	0.0	224.0	1139.0
1905	18.0	159.0	13.0	45.0	21.0	97.0	3.0	31.0	0.0	0.0	2.0	23.0	5.0	39.0	3.0	44.0	0.0	0.0	0.0	0.0	5.0	44.0	0.0	0.0	0.0	0.0	0.0	0.0	0.0	0.0	6.0	56.0	1.0	18.0	0.0	0.0	1.0	12.0	87.0	481.0	1.0	4.0	1.0	9.0	0.0	0.0	0.0	0.0	0.0	0.0	0.0	0.0	167.0	1062.0
1906	11.0	182.0	22.0	155.0	21.0	121.0	1.0	15.0	0.0	0.0	0.0	0.0	7.0	115.0	0.0	0.0	2.0	23.0	0.0	0.0	2.0	5.0	1.0	3.0	2.0	103.0	1.0	70.0	0.0	0.0	10.0	68.0	1.0	3.0	0.0	0.0	3.0	91.0	90.0	605.0	0.0	0.0	1.0	3.0	0.0	0.0	0.0	0.0	0.0	0.0	0.0	0.0	175.0	1562.0
1907	14.0	183.0	9.0	37.0	39.0	286.0	3.0	19.0	0.0	0.0	0.0	0.0	2.0	16.0	5.0	51.0	1.0	5.0	1.0	12.0	4.0	40.0	0.0	0.0	0.0	0.0	0.0	0.0	0.0	0.0	16.0	131.0	1.0	10.0	0.0	0.0	2.0	3.0	106.0	717.0	1.0	2.0	1.0	2.0	0.0	0.0	0.0	0.0	0.0	0.0	0.0	0.0	205.0	1514.0
1908	43.0	511.0	20.0	174.0	33.0	344.0	6.0	84.0	0.0	0.0	16.0	212.0	5.0	62.0	1.0	120.0	2.0	24.0	2.0	10.0	2.0	15.0	1.0	40.0	0.0	0.0	3.0	32.0	0.0	0.0	14.0	231.0	3.0	21.0	1.0	15.0	4.0	64.0	183.0	1869.0	2.0	34.0	3.0	14.0	0.0	0.0	0.0	0.0	0.0	0.0	0.0	0.0	344.0	3876.0
1909	87.0	966.0	12.0	160.0	41.0	266.0	8.0	68.0	0.0	0.0	0.0	0.0	4.0	38.0	1.0	11.0	2.0	13.0	0.0	0.0	0.0	0.0	2.0	24.0	0.0	0.0	1.0	8.0	1.0	10.0	11.0	80.0	2.0	31.0	4.0	41.0	6.0	71.0	233.0	2124.0	1.0	12.0	2.0	7.0	0.0	0.0	0.0	0.0	0.0	0.0	0.0	0.0	418.0	3930.0
1910	89.0	1323.0	24.0	470.14	31.0	355.0	13.0	205.0	0.0	0.0	0.0	0.0	0.0	0.0	4.0	40.0	3.0	38.0	0.0	0.0	0.0	0.0	0.0	0.0	0.0	0.0	4.0	52.0	1.0	60.0	6.0	65.0	3.0	36.0	2.0	34.0	16.0	196.0	210.0	2680.14	1.0	100.0	4.0	16.0	0.0	0.0	0.0	0.0	0.0	0.0	0.0	0.0	411.0	5670.28
1911	137.0	2441.0	15.0	127.0	63.0	776.0	40.0	609.0	2.0	33.0	3.0	89.0	7.0	121.0	3.0	109.0	2.0	94.0	0.0	0.0	0.0	0.0	1.0	23.0	2.0	41.0	8.0	269.0	0.0	0.0	6.0	184.0	3.0	49.0	6.0	190.0	37.0	443.0	330.0	4885.0	0.0	0.0	3.0	18.0	0.0	0.0	0.0	0.0	0.0	0.0	0.0	0.0	668.0	10501.0
1912	178.0	3268.0	17.0	289.0	94.0	875.0	48.0	756.0	10.0	239.0	2.0	52.0	7.0	112.0	5.0	103.0	4.0	112.0	0.0	0.0	2.0	30.0	2.0	55.0	2.0	115.0	2.0	132.0	0.0	0.0	8.0	111.0	2.0	39.0	3.0	55.0	60.0	838.0	381.0	5336.0	0.0	0.0	7.0	27.0	0.0	0.0	0.0	0.0	0.0	0.0	0.0	0.0	834.0	12544.0
1913	206.0	5786.0	17.0	385.0	78.0	984.0	25.0	513.0	8.0	228.0	5.0	145.0	12.0	652.0	6.0	423.0	7.0	201.0	0.0	0.0	4.0	76.0	2.0	116.0	2.0	198.0	5.0	358.0	1.0	9.0	11.0	453.0	0.0	0.0	9.0	289.0	48.0	702.0	361.0	6125.0	1.0	3.0	3.0	17.0	0.0	0.0	0.0	0.0	0.0	0.0	0.0	0.0	811.0	17663.0
1914	205.0	6912.0	9.0	109.0	174.0	2657.0	20.0	581.0	4.0	85.0	7.0	749.0	13.0	497.0	12.0	1099.0	5.0	214.0	0.0	0.0	4.0	190.0	9.0	260.0	4.0	230.0	7.0	448.0	0.0	0.0	6.0	273.0	0.0	0.0	8.0	478.0	42.0	1172.0	384.0	7034.0	0.0	0.0	1.0	12.0	0.0	0.0	0.0	0.0	0.0	0.0	0.0	0.0	914.0	23000.0
1915	247.0	9554.0	10.0	169.0	183.0	3894.0	36.0	1598.0	9.0	627.0	12.0	772.0	16.0	1033.0	18.0	1521.0	3.0	180.0	0.0	0.0	2.0	61.0	11.0	1160.0	2.0	129.0	11.0	767.0	0.0	0.0	3.0	132.0	3.0	246.0	14.0	764.0	44.0	1346.0	361.0	6993.0	1.0	31.0	10.0	48.0	0.0	0.0	0.0	0.0	0.0	0.0	0.0	0.0	996.0	31025.0
1916	282.0	14866.0	10.0	287.0	189.0	5286.0	37.0	2115.0	9.0	491.0	12.0	1146.0	16.0	845.0	20.0	1710.0	3.0	248.0	0.0	0.0	4.0	143.85	14.0	775.0	2.0	100.0	10.0	894.0	1.0	116.0	4.0	249.0	5.0	327.0	11.0	603.0	43.0	1872.0	219.0	4087.85	0.0	0.0	17.0	97.0	0.0	0.0	0.0	0.0	0.0	0.0	0.0	0.0	908.0	36258.7
1917	262.0	14820.0	7.0	232.0	163.0	5392.0	38.0	2156.0	5.0	230.0	4.0	820.0	17.0	864.0	30.0	2318.0	8.0	484.0	0.0	0.0	4.0	225.0	18.0	931.0	5.0	415.0	11.0	800.0	0.0	0.0	11.0	707.0	0.0	0.0	14.0	741.0	66.0	2768.0	197.0	3927.0	1.0	30.0	13.0	159.0	0.0	0.0	0.0	0.0	0.0	0.0	0.0	0.0	874.0	38019.0
1918	239.0	13813.0	9.0	375.0	166.0	6522.0	55.0	2967.0	3.0	197.0	10.0	1223.0	7.0	437.0	16.0	1640.0	5.0	331.0	1.0	4.0	2.0	114.0	9.0	480.0	6.0	514.0	6.0	471.0	1.0	70.0	6.0	314.0	3.0	182.0	35.0	2073.0	54.0	2357.0	126.0	2252.0	1.0	70.0	14.0	74.0	0.0	0.0	0.0	0.0	0.0	0.0	0.0	0.0	774.0	36480.0
1919	210.0	12998.0	8.0	170.0	151.0	6222.0	56.0	3602.0	2.0	350.0	11.0	1138.0	22.0	1570.0	25.0	2242.0	6.0	824.0	0.0	0.0	1.0	6.0	8.0	982.0	3.0	263.0	3.0	272.0	0.0	0.0	3.0	229.0	0.0	0.0	10.0	654.0	79.0	3380.0	132.0	2376.0	2.0	113.0	12.0	38.0	0.0	0.0	0.0	0.0	0.0	0.0	0.0	0.0	744.0	37429.0
1920	222.0	14209.0	16.0	396.0	161.0	5956.0	32.0	2137.0	0.0	0.0	3.0	190.0	15.0	1069.0	22.0	1718.0	13.0	1061.0	0.0	0.0	4.0	107.0	10.0	704.0	2.0	153.0	4.0	260.0	0.0	0.0	4.0	307.0	3.0	242.0	3.0	156.0	66.0	2669.0	164.0	2851.0	2.0	121.0	21.0	146.0	0.0	0.0	0.0	0.0	0.0	0.0	0.0	0.0	767.0	34452.0
1921	195.0	13398.0	19.0	735.0	136.0	5322.0	49.0	3318.0	3.0	218.0	12.0	750.0	12.0	664.0	16.0	1285.0	5.0	328.0	0.0	0.0	7.0	422.0	14.0	1022.0	2.0	157.0	2.0	137.0	0.0	0.0	14.0	1060.0	4.0	439.0	3.0	213.0	62.0	2730.0	149.0	2653.0	1.0	50.0	24.0	124.0	0.0	0.0	0.0	0.0	0.0	0.0	0.0	0.0	729.0	35025.0
1922	221.0	15077.0	15.0	698.0	129.0	5299.0	65.0	4457.0	5.0	565.0	20.0	1064.0	17.0	1353.0	23.0	1763.0	6.0	455.0	0.0	0.0	15.0	593.0	10.0	925.0	6.0	457.0	7.0	649.0	0.0	0.0	8.0	401.0	3.0	242.0	0.0	0.0	59.0	3050.0	115.0	2089.0	3.0	187.0	26.0	210.0	0.0	0.0	0.0	0.0	0.0	0.0	0.0	0.0	753.0	39534.0
1923	216.0	16542.0	20.0	716.0	142.0	6462.0	61.0	4696.0	2.0	150.0	19.0	1410.0	13.0	908.0	21.0	1644.0	2.0	150.0	4.0	23.0	19.0	608.0	8.0	551.0	2.0	192.0	5.0	386.0	0.0	0.0	8.0	507.0	1.0	80.0	5.0	669.0	50.0	2702.0	130.0	2089.0	1.0	20.0	20.0	138.0	0.0	0.0	0.0	0.0	0.0	0.0	0.0	0.0	749.0	40643.0
1924	249.0	18456.0	26.0	744.0	184.0	7222.0	62.0	4944.0	4.0	250.0	21.0	1524.0	17.0	1137.0	16.0	1785.0	6.0	388.0	1.0	5.0	22.0	844.0	11.0	767.0	1.0	120.0	7.0	789.0	1.0	21.0	8.0	878.0	7.0	471.0	5.0	504.0	70.0	3855.0	166.0	2641.0	4.0	106.0	29.0	215.0	0.0	0.0	0.0	0.0	0.0	0.0	0.0	0.0	917.0	47666.0
1925	281.0	20626.0	30.0	1300.0	228.0	10781.0	100.0	7566.0	8.0	803.0	39.0	2828.0	21.0	1463.0	42.0	3459.0	6.0	531.0	0.0	0.0	23.0	614.0	3.0	269.0	1.0	10.0	6.0	566.0	1.0	34.0	12.0	934.0	5.0	597.0	4.0	311.0	77.0	4598.0	161.0	2819.0	8.0	617.0	28.0	218.0	0.0	0.0	0.0	0.0	0.0	0.0	0.0	0.0	1084.0	60944.0
1926	248.0	18769.0	36.0	1571.0	314.0	13870.0	183.0	13225.0	14.0	1289.0	71.0	4928.0	29.0	2270.0	79.0	5709.0	7.0	704.0	15.0	129.0	20.0	393.0	12.0	1030.0	3.0	220.0	7.0	575.0	1.0	80.0	8.0	613.0	0.0	0.0	23.0	1870.0	83.0	4452.0	264.0	4131.0	14.0	1104.0	49.0	422.0	0.0	0.0	0.0	0.0	0.0	0.0	0.0	0.0	1480.0	77354.0
1927	282.0	20704.0	27.0	1016.0	282.0	13055.0	142.0	10459.0	10.0	793.0	39.0	2538.0	27.0	1968.0	32.0	2251.0	7.0	512.0	13.0	175.0	20.0	557.0	11.0	827.0	4.0	717.0	10.0	1150.0	10.0	155.0	2.0	195.0	2.0	227.0	19.0	1850.0	51.0	2910.0	230.0	3372.0	8.0	514.0	43.0	262.0	0.0	0.0	0.0	0.0	0.0	0.0	0.0	0.0	1271.0	66207.0
1928	336.0	24911.0	37.0	1286.0	294.0	12908.0	131.0	9577.0	14.0	1081.0	51.0	3469.0	38.0	2521.0	34.0	2285.0	5.0	379.0	41.0	418.0	24.0	624.0	11.0	805.0	2.0	179.0	13.0	1311.0	16.0	450.0	6.0	329.0	2.0	114.0	24.0	2256.0	57.0	3221.0	279.0	3870.0	4.0	295.0	37.0	305.0	1.0	84.0	0.0	0.0	0.0	0.0	0.0	0.0	1457.0	72678.0
1929	286.0	22499.0	45.0	1534.0	419.0	13938.0	125.0	9511.0	17.0	1398.0	29.0	2211.0	41.0	3206.0	42.0	3411.0	7.0	304.0	69.0	1031.0	43.0	654.0	33.0	2487.0	3.0	255.0	9.0	903.0	101.0	5921.0	2.0	98.0	4.0	460.0	12.0	893.0	61.0	3402.0	574.0	7546.0	10.0	790.0	46.0	342.0	2.0	179.0	0.0	0.0	0.0	0.0	0.0	0.0	1980.0	82973.0
1930	346.0	25882.0	52.0	1652.0	585.0	24407.0	211.0	15946.0	11.0	876.0	49.0	3952.0	80.0	6121.0	47.0	3838.0	4.0	320.0	47.0	1566.0	46.0	658.0	34.0	2526.0	5.0	522.0	11.0	896.0	202.0	11502.0	13.0	975.0	3.0	293.0	22.0	1848.0	104.0	6154.0	631.0	9523.0	20.0	989.0	77.0	713.0	1.0	86.0	0.0	0.0	0.0	0.0	0.0	0.0	2601.0	121245.0
1931	462.0	35626.0	82.0	2157.0	636.0	28883.0	206.0	14738.0	19.0	1546.0	42.0	3575.0	110.0	7647.0	42.0	3868.0	14.0	1131.0	35.0	594.0	67.0	941.0	47.0	2804.0	5.0	447.0	7.0	587.0	104.0	5369.0	6.0	357.0	4.0	288.0	26.0	1877.0	95.0	6696.0	587.0	9106.0	48.0	1338.0	101.0	780.0	6.0	482.0	0.0	0.0	0.0	0.0	0.0	0.0	2751.0	130837.0
1932	472.0	35831.0	86.0	2313.0	594.0	29072.0	199.0	14493.0	25.0	2266.0	61.0	5290.0	122.0	8647.0	62.0	5095.0	26.0	1742.0	42.0	727.0	96.0	1250.0	80.0	5600.0	3.0	266.0	12.0	1121.0	106.0	5054.0	10.0	635.0	9.0	863.0	14.0	990.0	111.0	7125.0	535.0	8068.0	54.0	1987.0	123.0	947.0	7.0	589.0	0.0	0.0	0.0	0.0	0.0	0.0	2849.0	139971.0
1933	428.0	32173.0	77.0	2477.0	592.0	28783.0	221.0	16199.0	22.0	1577.0	44.0	3821.0	98.0	6980.0	49.0	4755.0	18.0	1318.0	44.0	1359.0	69.0	1014.0	60.0	4556.0	8.0	676.0	12.0	921.0	138.0	6697.0	21.0	1149.0	12.0	773.0	28.0	2474.0	67.0	4332.0	490.0	8001.0	24.0	1045.0	107.0	867.0	2.0	131.0	0.0	0.0	0.0	0.0	0.0	0.0	2631.0	132078.0
1934	460.0	35487.0	111.0	2728.0	582.0	28558.0	245.0	17622.0	25.0	1842.0	59.0	4982.0	104.0	7502.0	79.0	6936.0	17.0	1161.0	45.0	1507.0	77.0	1100.0	66.0	4616.0	12.0	1066.0	19.0	1819.0	178.0	8868.0	21.0	1076.0	8.0	875.0	25.0	1918.0	92.0	5255.0	610.0	9785.0	17.0	771.0	120.0	929.0	3.0	237.0	0.0	0.0	0.0	0.0	0.0	0.0	2975.0	146640.0
1935	449.0	34822.2	113.0	2398.0	606.0	32051.0	296.0	21216.0	25.0	1890.0	111.0	8034.0	127.0	8608.0	85.0	7258.0	14.0	1005.0	81.0	2389.0	87.0	2073.0	76.0	5150.0	13.0	985.0	23.0	1718.0	177.0	9538.0	28.0	1360.0	17.0	1545.0	22.0	1680.0	152.0	9495.0	536.0	7913.2	29.0	1185.0	122.0	1024.0	5.0	416.0	0.0	0.0	0.0	0.0	0.0	0.0	3194.0	163753.4
1936	504.0	38848.0	178.0	3245.0	643.0	33948.0	254.0	19870.0	36.0	2743.0	82.0	6416.0	160.0	11182.0	86.0	8381.0	20.0	1423.0	85.0	2896.0	115.0	2115.0	77.0	5759.0	17.0	1545.0	33.0	2943.0	149.0	9453.0	21.0	944.0	14.0	1774.0	39.0	2034.0	140.0	9415.0	634.0	8784.0	29.0	1167.0	174.0	1567.0	5.0	405.0	0.0	0.0	0.0	0.0	0.0	0.0	3495.0	176857.0
1937	524.0	40497.0	250.0	4592.0	637.0	36055.0	315.0	23887.0	42.0	3308.0	105.0	8129.0	153.0	11745.0	101.0	8574.0	5.0	275.0	88.0	3329.0	119.0	2662.0	70.0	5128.0	13.0	1042.0	37.0	2942.0	165.0	10013.0	20.0	1334.0	10.0	961.0	124.0	4957.0	140.0	8741.0	719.0	10267.0	36.0	1648.0	150.0	1238.0	8.0	682.0	0.0	0.0	0.0	0.0	0.0	0.0	3831.0	192006.0
1938	530.0	41859.0	269.0	4933.0	637.0	35378.0	292.0	22106.0	26.0	2245.0	100.0	7426.0	161.0	11321.0	119.0	8642.0	3.0	199.0	103.0	4149.0	123.0	2230.0	81.0	5226.0	20.0	1590.0	41.0	2906.0	156.0	9687.0	16.0	439.0	7.0	765.0	81.0	4965.0	125.0	7560.0	708.0	8948.0	40.0	1844.0	167.0	1339.0	5.0	466.0	0.0	0.0	0.0	0.0	0.0	0.0	3810.0	186223.0
1939	530.0	42898.0	210.0	4153.0	540.0	31426.0	206.0	15742.0	45.0	3590.0	99.0	7522.0	170.0	12281.0	113.0	9283.0	16.0	1038.0	89.0	3467.0	131.0	3244.0	78.0	5796.0	31.0	1981.0	44.0	2992.0	101.0	6431.0	16.0	1050.0	10.0	1075.0	63.0	4759.0	136.0	9074.0	583.0	7324.0	33.0	1087.0	132.0	1097.0	9.0	768.0	0.0	0.0	0.0	0.0	0.0	0.0	3385.0	178078.0
1940	411.0	34125.0	175.0	3510.0	504.0	30010.0	194.0	15515.5	32.0	2733.0	63.0	5854.0	113.0	8668.0	97.0	8832.0	14.0	991.0	58.0	3030.0	124.0	2974.0	64.0	4525.0	29.0	2388.0	35.0	2622.0	93.0	6695.0	16.0	1259.0	14.0	1769.0	58.0	4012.0	144.0	9499.0	486.0	5918.0	22.0	934.0	139.0	1204.0	5.0	453.0	0.0	0.0	0.0	0.0	0.0	0.0	2890.0	157520.5
1941	368.0	31463.0	208.0	3545.0	554.0	33630.0	208.0	16573.0	39.0	3150.0	97.0	8010.0	94.0	7512.0	101.0	8184.0	15.0	899.0	101.0	3773.0	128.0	2843.0	69.0	5269.0	14.0	1403.0	23.0	2371.0	108.0	7609.0	18.0	1206.0	9.0	628.0	89.0	6043.52	138.0	8920.0	594.0	6775.52	32.0	1288.0	155.0	1471.0	7.0	643.0	0.0	0.0	0.0	0.0	0.0	0.0	3169.0	163209.04
1942	407.0	34353.0	234.0	4301.0	497.0	28563.0	195.0	15778.0	51.0	3929.0	96.0	8164.0	98.0	7104.0	79.0	6804.0	16.0	1068.0	104.0	3177.0	131.0	2887.0	75.0	5773.0	22.0	1864.0	33.0	2525.0	93.0	6163.0	18.0	788.0	15.0	716.0	181.0	11162.0	127.0	8477.0	609.0	6976.0	31.0	1040.0	168.0	1377.0	8.0	632.0	0.0	0.0	0.0	0.0	0.0	0.0	3288.0	163621.0
1943	377.0	32656.0	213.0	4305.0	436.0	26171.0	147.0	12533.0	45.0	3839.0	56.0	5091.0	59.0	4522.0	64.0	6208.0	16.0	1167.0	81.0	2874.0	90.0	1786.0	47.0	3133.0	13.0	1311.0	32.0	2330.0	112.0	8285.0	13.0	995.0	8.0	724.0	171.0	12357.0	108.0	6655.0	497.0	6304.0	16.0	444.0	132.0	1056.0	4.0	350.0	0.0	0.0	0.0	0.0	0.0	0.0	2737.0	145096.0
1944	321.0	28421.0	181.0	3650.0	357.0	20781.0	147.0	12306.0	37.0	3367.0	53.0	4358.0	72.0	5317.0	66.0	6405.0	26.0	1758.0	87.0	3921.0	100.0	2942.0	60.0	4462.0	16.0	1515.0	24.0	2057.0	125.0	8728.0	21.0	1633.0	12.0	978.0	149.0	10023.0	108.0	7046.0	506.0	6285.0	12.0	391.0	129.0	958.0	18.0	1546.0	0.0	0.0	0.0	0.0	0.0	0.0	2627.0	138848.0
1945	322.0	28173.0	197.0	3849.0	323.0	18899.0	123.0	10660.0	43.0	3703.0	47.0	4545.0	81.0	5983.0	50.0	4568.0	19.0	1324.0	84.0	2698.0	77.0	1584.0	73.0	5322.0	14.0	1423.0	19.0	1307.0	96.0	6996.0	17.0	1355.0	4.0	553.0	94.0	6192.0	95.0	5907.0	499.0	6293.0	13.0	271.0	116.0	1112.0	26.0	2118.0	0.0	0.0	0.0	0.0	0.0	0.0	2432.0	124835.0
1946	387.0	33431.0	199.0	4459.0	329.0	17957.0	142.0	11292.0	51.0	4415.0	60.0	4401.0	102.0	7941.0	63.0	5184.0	17.0	1110.0	114.0	3973.0	102.0	2521.0	80.0	5919.0	13.0	1212.0	24.0	1351.0	84.0	6051.0	25.0	1751.0	4.0	270.0	49.0	4668.0	104.0	6784.0	527.0	6807.0	28.0	508.0	130.0	1264.0	42.0	3657.0	0.0	0.0	0.0	0.0	0.0	0.0	2676.0	136926.0
1947	434.0	38851.0	200.0	3966.0	330.0	18489.0	138.0	11734.0	53.0	4738.0	83.0	6353.0	132.0	11018.0	96.0	8456.0	7.0	572.0	83.0	3702.0	104.0	2743.0	78.0	6154.0	9.0	780.0	24.0	2378.0	73.0	5387.0	27.0	1769.0	4.0	625.0	32.0	2802.0	113.0	7705.0	509.0	6768.0	30.0	872.0	129.0	1208.0	56.0	4963.0	0.0	0.0	0.0	0.0	0.0	0.0	2744.0	152033.0
1948	457.0	39611.0	231.0	5007.0	372.0	20618.0	140.0	11785.0	57.0	4670.0	95.0	7355.0	122.0	9846.0	80.0	6378.0	11.0	759.0	74.0	3580.0	109.0	2245.0	53.0	4036.0	15.0	1402.0	18.0	1713.0	72.0	5201.0	20.0	1357.0	6.0	569.0	36.0	3546.0	135.0	9471.0	564.0	7247.0	33.0	1170.0	142.0	1396.0	47.0	4000.0	0.0	0.0	0.0	0.0	0.0	0.0	2889.0	152962.0
1949	530.0	47017.0	198.0	3868.0	410.0	24972.0	161.0	14266.0	55.0	5035.0	79.0	6439.0	137.0	12023.0	91.0	7667.0	16.0	1012.0	87.0	3287.0	123.0	2941.0	41.0	3417.0	17.0	1380.0	25.0	2230.0	111.0	7244.0	26.0	1925.0	12.0	1122.0	43.0	4065.0	144.0	8868.0	599.0	7754.0	45.0	1888.0	152.0	1519.0	49.0	4193.0	0.0	0.0	0.0	0.0	0.0	0.0	3151.0	174132.0
1950	554.0	48296.0	222.0	5210.0	432.0	26913.0	147.0	12509.0	49.0	4421.0	67.0	5295.0	177.0	14850.0	85.0	6847.0	5.0	426.0	58.0	1809.0	125.0	3514.0	44.0	3465.0	17.0	1278.0	29.0	2319.0	80.0	6815.0	23.0	1945.0	11.0	1142.0	41.0	3833.0	150.0	10170.0	543.0	7615.0	23.0	1408.0	129.0	1384.0	59.0	5127.0	0.0	0.0	0.0	0.0	0.0	0.0	3070.0	176591.0
1951	594.0	51825.0	269.0	6048.3	474.0	31179.0	157.0	13873.0	55.0	4737.0	57.0	4835.0	140.0	11277.0	79.0	6670.0	14.0	912.0	57.0	2743.0	136.0	3970.0	32.0	2495.0	12.0	1079.0	22.0	1958.0	101.0	9227.0	28.0	2044.0	22.0	1952.0	52.0	4757.0	117.0	8054.0	587.0	7744.3	42.0	2379.0	144.0	1427.0	38.0	3281.0	0.0	0.0	0.0	0.0	0.0	0.0	3229.0	184466.6
1952	543.0	48706.0	297.0	6699.0	478.0	32615.0	165.0	14788.0	41.0	3519.0	76.0	6551.0	110.0	9054.0	102.0	8363.0	7.0	501.0	66.0	2848.0	134.0	3282.0	42.0	3332.0	29.0	2712.0	29.0	2416.0	86.0	8115.0	28.0	1854.0	15.0	1193.0	45.0	4046.0	128.0	9344.0	604.0	7805.0	33.0	1470.0	147.0	1241.0	23.0	1976.0	0.0	0.0	0.0	0.0	0.0	0.0	3228.0	182430.0
1953	589.0	53188.0	317.0	6651.0	485.0	32114.0	169.0	15292.0	49.0	4010.0	74.0	6286.0	122.0	9479.0	115.0	10081.0	22.0	1687.0	66.0	4270.0	145.0	4957.0	37.0	2818.0	33.0	2846.0	38.0	3488.0	97.0	9140.0	36.0	2284.0	25.0	1796.0	57.0	5178.0	93.0	6816.0	624.0	8359.0	26.0	1582.0	139.0	1456.0	24.0	1943.0	0.0	0.0	0.0	0.0	0.0	0.0	3382.0	195721.0
1954	608.0	56516.0	277.0	7566.0	416.0	27770.0	169.0	16016.0	54.0	4943.0	52.0	4723.0	138.0	10768.0	112.0	9966.0	21.0	1559.0	66.0	4301.0	143.0	4194.0	41.0	3121.0	27.0	2515.0	37.0	3468.0	100.0	9092.0	36.0	2342.0	29.0	2262.0	45.0	4198.0	82.0	6461.0	590.0	8229.0	23.0	914.0	148.0	1539.0	27.0	2270.0	0.0	0.0	0.0	0.0	0.0	0.0	3241.0	194733.0
1955	637.0	57649.0	338.0	8600.0	461.0	33548.0	199.0	18975.0	48.0	4279.0	45.0	4213.0	151.0	12420.0	103.0	9099.0	20.0	1635.0	64.0	4951.0	138.0	5301.6	35.0	2843.0	30.0	2956.0	47.0	3975.0	93.0	8659.0	40.0	2846.6	22.0	1717.0	57.0	5489.0	84.0	6842.0	652.0	9414.6	26.0	1230.0	125.0	1299.6	31.0	2707.0	0.0	0.0	0.0	0.0	0.0	0.0	3446.0	210649.4
1956	604.0	55332.0	315.0	7849.0	445.0	32966.0	178.0	16852.0	59.0	5192.0	41.0	3576.0	123.0	9934.0	78.0	6757.0	32.0	2653.0	60.0	4072.0	120.0	4341.0	29.0	2580.0	21.0	1980.0	34.0	3216.0	109.0	9713.0	33.0	2470.0	45.0	3277.0	58.0	5819.0	93.0	7583.0	621.0	9511.0	30.0	1078.0	122.0	1320.0	17.0	1425.0	0.0	0.0	0.0	0.0	0.0	0.0	3267.0	199496.0
1957	697.0	62519.0	323.0	6872.11	459.0	34099.0	173.0	15875.0	62.0	5529.0	79.0	6619.0	163.0	13355.0	105.0	9156.0	62.0	4661.0	60.0	3421.0	137.0	6277.0	39.0	3289.0	33.0	2890.0	30.0	2667.0	103.0	9103.0	56.0	3981.0	51.0	3486.0	63.0	6626.0	90.0	7157.0	638.0	9699.0	21.0	1136.0	120.0	1293.0	25.0	2082.0	0.0	0.0	0.0	0.0	0.0	0.0	3589.0	221792.11
1958	703.0	63168.0	333.0	8548.0	476.0	38715.0	176.0	16842.0	61.0	5270.0	63.0	5820.0	147.0	12621.0	100.0	8343.0	69.0	5109.0	78.0	4264.0	113.0	5436.0	37.0	3060.0	22.0	2268.0	29.0	2718.0	102.0	9505.0	32.0	2535.0	57.0	4007.0	81.0	8092.0	81.0	6640.0	590.0	9214.0	7.0	440.0	98.0	1105.0	11.0	987.0	0.0	0.0	0.0	0.0	0.0	0.0	3466.0	224707.0
1959	715.0	64379.0	341.0	9351.0	471.0	37988.0	192.0	18352.0	80.0	7215.0	70.0	6330.0	134.0	11161.0	116.0	10582.0	56.0	4227.0	71.0	4035.0	122.0	7036.0	58.0	5079.0	20.0	2285.0	36.0	3763.0	100.0	9280.0	41.0	3238.0	46.0	3368.0	93.0	8900.0	59.0	4744.0	550.0	8722.0	3.0	245.0	117.0	1450.0	0.0	0.0	0.0	0.0	0.0	0.0	0.0	0.0	3491.0	231730.0
1960	727.0	66433.0	372.0	9157.0	508.0	42141.0	171.0	16535.0	63.0	5614.0	82.0	7663.0	186.0	16486.0	101.0	9703.0	51.0	4494.0	66.0	4821.0	108.0	6582.0	45.0	4198.0	18.0	1861.0	38.0	4205.0	95.0	8944.0	43.0	3593.0	34.0	2752.0	84.0	8291.0	66.0	5596.0	564.0	9093.0	4.0	430.0	85.0	1170.0	0.0	0.0	0.0	0.0	0.0	0.0	0.0	0.0	3511.0	239762.0
1961	743.0	66944.0	442.0	11887.0	502.0	40940.0	145.0	13711.0	60.0	5246.0	82.0	7810.0	138.0	11513.0	144.0	13198.0	48.0	3719.0	69.0	4651.0	113.0	6717.0	44.0	3672.0	20.0	1876.0	42.0	3973.0	88.0	7846.0	55.0	4442.0	34.0	2663.0	77.0	7687.0	60.0	4958.0	619.0	9765.0	6.0	513.0	96.0	1285.0	0.0	0.0	0.0	0.0	0.0	0.0	0.0	0.0	3627.0	235016.0
1962	800.0	73576.0	439.0	11635.0	543.0	43723.0	142.0	14143.0	70.0	6591.0	87.0	8303.0	128.0	11297.0	159.0	15343.0	57.0	4641.0	86.0	5982.0	114.0	6515.0	57.0	5378.0	22.0	2041.0	36.0	3729.0	95.0	8943.0	54.0	4768.0	37.0	2747.0	83.0	7863.0	67.0	5660.0	723.0	11154.0	11.0	614.0	147.0	1928.0	0.0	0.0	0.0	0.0	0.0	0.0	0.0	0.0	3957.0	256574.0
1963	743.0	68041.0	525.0	14027.0	518.0	42055.0	114.0	11367.0	68.0	6012.0	80.0	7843.0	121.0	11215.0	129.0	12173.0	60.0	5072.0	65.0	4279.0	90.0	5074.0	42.0	3889.0	12.0	1332.0	39.0	4136.0	101.0	9265.0	33.0	2793.0	36.0	2938.0	78.0	7530.0	45.0	3994.0	761.0	11316.0	7.0	440.0	161.0	1607.0	0.0	0.0	0.0	0.0	0.0	0.0	0.0	0.0	3828.0	236398.0
1964	778.0	71222.0	596.0	17044.0	538.0	45127.0	146.0	14366.0	85.0	7928.0	117.0	11217.0	147.0	12926.0	152.0	14437.0	65.0	5494.0	90.0	5997.0	95.0	5509.0	57.0	5410.0	22.0	1693.0	43.0	4379.0	107.0	10535.0	65.0	4978.0	35.0	2950.0	94.0	9157.0	78.0	6997.0	840.0	13742.0	19.0	1113.0	110.0	1406.0	0.0	0.0	0.0	0.0	0.0	0.0	0.0	0.0	4279.0	273627.0
1965	825.0	75863.0	523.0	15065.0	575.0	44947.0	156.0	15485.0	100.0	9605.0	106.0	10389.0	117.0	10598.0	140.0	13512.0	64.0	5229.0	126.0	8447.0	112.0	5824.0	52.0	4977.0	25.0	2043.0	38.0	4205.0	120.0	9885.0	49.0	3888.0	56.0	4596.0	80.0	8686.0	110.0	10057.0	830.0	12889.0	21.0	1404.0	144.0	2005.0	0.0	0.0	0.0	0.0	0.0	0.0	0.0	0.0	4369.0	279599.0
1966	824.0	75060.0	500.0	14360.0	588.0	47693.0	146.0	14424.0	90.0	8511.0	140.0	13135.0	160.0	14661.0	170.0	15911.0	67.0	5299.0	107.0	6730.0	124.0	7906.0	47.0	4192.0	25.0	1666.0	34.0	3574.0	130.0	10670.0	52.0	3765.0	75.0	6376.0	68.0	7172.0	129.0	12062.0	915.0	14114.0	17.0	1092.0	154.0	2077.0	0.0	0.0	0.0	0.0	0.0	0.0	0.0	0.0	4562.0	290450.0
1967	1019.0	93569.0	597.0	19351.0	669.0	55506.0	191.0	19322.0	133.0	12897.0	147.0	14230.0	194.0	18776.0	182.0	17053.0	63.0	5012.0	132.0	8721.0	135.0	8456.0	53.0	5360.0	24.0	1414.0	44.0	3872.0	132.0	12966.0	56.0	4866.0	72.0	5745.0	72.0	7096.0	120.0	11264.0	1074.0	16773.0	14.0	895.0	243.0	2640.0	0.0	0.0	0.0	0.0	0.0	0.0	0.0	0.0	5366.0	345784.0
1968	1106.0	100149.0	584.0	20834.0	640.0	53078.0	193.0	19147.0	127.0	12274.0	169.0	16210.0	197.0	18321.0	146.0	13682.0	88.0	7644.0	111.0	6965.0	101.0	6463.0	67.0	6555.0	20.0	1789.0	44.0	4849.0	113.0	10970.0	70.0	5457.0	57.0	4970.0	100.0	10130.0	128.0	12398.0	948.0	15675.0	26.0	1344.0	153.0	2132.0	0.0	0.0	0.0	0.0	0.0	0.0	0.0	0.0	5188.0	351036.0
1969	1194.0	108756.0	592.0	19179.0	634.0	52322.0	177.0	17551.0	118.0	10975.0	149.0	14353.0	208.0	19238.0	128.0	11904.0	71.0	5647.0	85.0	5623.0	114.0	7078.0	49.0	4435.0	41.0	2941.0	51.0	4869.0	89.0	8367.0	55.0	4410.0	55.0	4591.0	87.0	8953.0	92.0	8609.0	1035.0	16410.0	37.0	1835.0	171.0	2290.0	0.0	0.0	0.0	0.0	0.0	0.0	0.0	0.0	5232.0	340336.0
1970	1128.0	102403.0	627.0	22131.0	647.0	54735.0	193.0	18634.0	107.0	10144.0	141.0	13685.0	166.0	15198.0	148.0	13534.0	101.0	8492.0	135.0	9223.0	119.0	8299.0	45.0	4066.0	33.0	2805.0	62.0	5537.0	90.0	8501.0	67.0	5385.0	54.0	4041.0	101.0	10507.0	93.0	8496.0	964.0	16642.0	38.0	1762.0	172.0	2751.0	0.0	0.0	0.0	0.0	0.0	0.0	0.0	0.0	5231.0	346971.0
1971	1034.0	95640.0	661.0	23475.0	626.0	53341.0	168.0	15513.0	146.0	14201.0	189.0	17594.0	181.0	16903.0	134.0	11908.0	123.0	10591.0	101.0	6407.0	115.0	7595.0	78.0	7345.0	29.0	2575.0	64.0	5801.0	88.0	7992.0	59.0	4587.0	49.0	4021.0	79.0	7748.0	117.0	10826.0	985.0	16945.0	34.0	1549.0	173.0	2439.0	0.0	0.0	0.0	0.0	0.0	0.0	0.0	0.0	5233.0	344996.0
1972	1072.0	97507.0	552.0	20188.0	587.0	50560.0	165.0	15554.0	166.0	15393.0	183.0	17080.0	218.0	20282.0	129.0	11630.0	157.0	13203.0	81.0	5877.0	131.0	9288.0	84.0	7774.0	34.0	3332.0	58.0	6115.0	91.0	8560.0	62.0	5038.0	49.0	4140.0	55.0	4976.0	109.0	10082.0	886.0	15849.0	30.0	1699.0	139.0	2208.0	0.0	0.0	0.0	0.0	0.0	0.0	0.0	0.0	5038.0	346335.0
1973	1047.0	95255.0	595.0	23415.0	540.0	45492.0	139.0	13452.0	187.0	17823.0	243.0	22734.0	257.0	24226.0	127.0	11082.0	169.0	14677.0	82.0	6430.0	136.0	9441.0	58.0	5136.0	52.0	4445.0	54.0	5418.0	63.0	5435.0	61.0	4904.0	63.0	5578.0	57.0	5963.0	69.0	6394.0	887.0	15962.0	38.0	2439.0	170.0	3023.0	0.0	0.0	0.0	0.0	0.0	0.0	0.0	0.0	5094.0	348724.0
1974	1085.0	99698.0	619.0	24094.0	596.0	49748.0	181.0	16925.0	181.0	16969.0	236.0	22126.0	226.0	21366.0	136.0	12691.0	144.0	12525.0	65.0	4447.0	113.0	7852.0	67.0	6218.0	51.0	4764.0	49.0	4935.0	69.0	6258.0	74.0	6021.0	52.0	4111.0	55.0	5875.0	56.0	4970.0	930.0	16396.0	29.0	1602.0	170.0	3278.0	0.0	0.0	0.0	0.0	0.0	0.0	0.0	0.0	5184.0	352869.0
1975	1015.0	96006.0	656.0	28093.0	585.0	49664.0	144.0	14209.0	162.0	15623.0	174.0	16860.0	210.0	20217.0	144.0	13383.0	110.0	9645.0	76.0	6244.0	119.0	8282.0	83.0	7665.0	48.0	3816.0	45.0	4211.0	61.0	5612.0	54.0	4941.0	53.0	4313.0	72.0	8152.0	62.0	5812.0	975.0	17742.0	29.0	1658.0	176.0	3130.0	0.0	0.0	0.0	0.0	0.0	0.0	0.0	0.0	5053.0	345278.0
1976	1032.0	95568.0	702.0	28639.0	570.0	49500.0	142.0	14157.0	162.0	16145.0	212.0	20153.0	200.0	19059.0	120.0	11181.0	93.0	8206.0	96.0	7475.0	142.0	10302.0	62.0	6102.0	39.0	4066.0	54.0	5866.0	70.0	6718.0	72.0	5862.0	40.0	3548.0	63.0	6463.0	52.0	5130.0	981.0	17564.0	29.0	2155.0	161.0	2870.0	0.0	0.0	0.0	0.0	0.0	0.0	0.0	0.0	5094.0	346729.0
1977	995.0	95524.0	608.0	28161.0	555.0	45525.0	144.0	14051.0	152.0	14788.0	239.0	22999.0	184.0	17479.0	128.0	12558.0	103.0	9355.0	100.0	6896.0	156.0	11042.0	69.0	5843.0	51.0	5296.0	40.0	5252.0	54.0	5028.0	75.0	6067.0	65.0	5592.0	52.0	5813.0	28.0	2682.0	849.0	15056.0	34.0	3063.0	172.0	3516.0	0.0	0.0	0.0	0.0	0.0	0.0	0.0	0.0	4853.0	341586.0
1978	1079.0	103309.0	621.0	27641.0	586.0	47438.0	167.0	16555.0	159.0	15625.0	198.0	18608.0	160.0	15689.0	132.0	12207.0	104.0	9162.0	122.0	11452.0	166.0	11410.0	64.0	6164.0	57.0	5057.0	73.0	6559.0	74.0	6327.0	83.0	6890.0	70.0	6102.0	49.0	5748.0	38.0	3429.0	943.0	16703.0	30.0	2822.0	223.0	4667.0	0.0	0.0	0.0	0.0	0.0	0.0	0.0	0.0	5198.0	359564.0
1979	1108.0	108020.0	647.0	28124.0	585.0	48275.0	162.0	16084.0	146.0	13805.0	230.0	22521.0	182.0	17722.0	136.0	13790.0	84.0	7731.0	118.0	8924.52	156.0	10142.0	65.0	6419.0	51.0	4594.0	52.0	5724.0	69.0	5807.0	81.0	6374.37	75.0	7009.0	66.0	7949.0	33.0	3356.0	892.0	15481.89	43.0	3807.0	207.0	4721.0	0.0	0.0	0.0	0.0	0.0	0.0	0.0	0.0	5188.0	366380.78
1980	1140.0	109232.0	698.0	31881.0	652.0	55673.0	178.0	18000.0	158.0	15509.0	222.0	23043.0	160.0	15699.0	112.0	10991.0	128.0	11462.0	132.0	11100.0	143.0	9329.0	67.0	6231.0	60.0	6230.0	58.0	6597.0	79.0	7600.0	69.0	5614.0	73.0	7031.0	57.0	6374.0	27.0	2505.0	953.0	17353.5	30.0	2531.0	198.0	4492.5	0.0	0.0	0.0	0.0	0.0	0.0	0.0	0.0	5394.0	384478.0
1981	1094.0	105237.0	583.0	28427.0	637.0	54360.0	175.0	17877.0	144.0	14815.0	173.0	17040.0	142.0	13966.0	128.0	12690.0	130.0	11544.0	141.0	11968.0	156.0	10525.0	67.0	6654.0	81.0	7868.0	68.0	8162.0	89.0	8403.0	90.0	7563.0	64.0	5917.0	66.0	7061.0	18.0	1597.0	786.0	14659.0	24.0	2171.0	175.0	4505.0	0.0	0.0	0.0	0.0	0.0	0.0	0.0	0.0	5031.0	373009.0
1982	1112.0	105225.4	544.0	27324.0	642.0	55816.0	176.0	17663.0	154.0	14825.0	196.0	19080.0	164.0	16342.0	121.0	11475.0	136.0	12259.0	134.0	12294.0	191.0	13522.0	66.0	6599.0	55.0	5491.0	53.0	5494.0	82.0	7583.0	100.0	8396.0	79.0	7079.0	50.0	5767.0	21.0	2081.0	778.0	13902.5	21.0	1718.0	180.0	5304.5	0.0	0.0	0.0	0.0	0.0	0.0	0.0	0.0	5055.0	375240.4
1983	1122.0	107354.43	644.0	32375.0	629.0	54047.0	191.0	18854.0	163.0	16199.0	223.0	21879.0	181.0	17718.31	130.0	12490.0	113.0	9813.0	139.0	11530.0	161.0	10867.0	74.0	6942.0	58.0	5406.0	47.0	5612.0	85.0	7306.0	114.0	9221.0	88.0	8017.16	75.0	7823.0	17.0	1726.0	799.0	14441.0	34.0	2859.0	182.0	5388.0	0.0	0.0	0.0	0.0	0.0	0.0	0.0	0.0	5269.0	387867.9
1984	1093.0	104531.05	568.0	29074.5	627.0	54266.0	178.0	18076.0	175.0	16415.0	195.0	18683.0	168.0	16292.0	108.0	10759.0	96.0	8201.0	162.0	13781.22	176.0	11815.0	67.0	6374.0	65.0	5844.0	61.0	5390.0	72.0	5935.0	97.0	8290.1	87.0	7761.0	58.0	6121.0	10.0	1196.0	819.0	15050.55	34.0	3112.0	196.0	4993.45	0.0	0.0	0.0	0.0	0.0	0.0	0.0	0.0	5112.0	371960.87
1985	1155.0	109360.0	699.0	36700.0	702.0	58483.0	247.0	24515.0	180.0	16587.0	245.0	23430.0	197.0	18918.0	145.0	13780.0	144.0	12180.0	181.0	15855.0	180.0	12672.0	89.0	8231.0	65.0	6452.0	42.0	5442.0	77.0	5926.0	133.0	10135.0	109.0	9008.0	85.0	10189.0	13.0	1228.0	970.0	17751.0	40.0	3709.0	222.0	6879.0	0.0	0.0	0.0	0.0	0.0	0.0	0.0	0.0	5920.0	427430.0
1986	1244.0	112750.46	652.0	34794.5	789.0	66418.0	202.0	20055.0	199.0	19469.0	295.0	28163.0	218.0	21347.0	148.0	13847.0	158.0	12600.0	180.0	14197.0	234.0	15191.0	76.0	7468.0	74.0	6962.0	50.0	4915.0	81.0	6627.0	117.0	8720.0	122.0	10121.0	76.0	7249.0	20.0	1836.0	940.0	17723.3	41.0	3770.0	223.0	8445.0	0.0	0.0	0.0	0.0	0.0	0.0	0.0	0.0	6139.0	442668.26
1987	1317.0	123453.0	617.0	34128.0	917.0	77219.0	239.0	23126.0	268.0	25503.0	316.0	29413.0	249.0	23598.0	147.0	13510.0	205.0	16674.0	174.0	13008.0	221.0	14064.0	89.0	8566.0	67.0	5805.0	62.0	6252.0	74.0	6345.0	137.0	11159.0	138.0	11643.0	80.0	8889.0	20.0	2146.0	937.0	16930.0	45.0	3406.0	264.0	8022.0	0.0	0.0	0.0	0.0	0.0	0.0	0.0	0.0	6583.0	482859.0
1988	1246.0	116635.22	658.0	36979.0	879.0	73748.3	254.0	25598.0	259.0	25038.0	331.0	31742.0	205.0	20261.0	139.0	13118.0	242.0	21010.0	169.0	13449.16	194.0	12923.0	84.0	7785.0	73.0	6649.0	45.0	4625.0	76.0	6930.0	145.0	11423.0	131.0	11478.0	78.0	8342.0	20.0	1791.0	1042.0	18966.35	39.0	3811.0	260.0	7683.05	0.0	0.0	0.0	0.0	0.0	0.0	0.0	0.0	6569.0	479985.08
1989	1243.0	119121.37	666.0	38005.0	837.0	72115.52	236.0	24242.0	272.0	25947.0	362.0	35110.0	229.0	23146.0	136.0	12131.0	226.0	19235.0	167.0	13621.0	162.0	10202.0	97.0	8885.0	81.0	6903.0	79.0	8860.0	67.0	5608.0	122.0	9597.0	124.0	10766.0	88.0	10310.0	12.0	1021.0	1034.0	18196.0	57.0	4706.0	243.0	7906.5	0.0	0.0	0.0	0.0	0.0	0.0	0.0	0.0	6540.0	485634.39
1990	1260.0	116298.0	721.0	39925.0	749.0	60964.0	207.0	20613.0	310.0	29568.0	393.0	37461.3	276.0	27308.0	135.0	12697.0	216.0	18553.0	202.0	16703.0	167.0	10874.0	97.0	8953.0	77.0	6297.0	52.0	5436.0	57.0	5031.0	135.0	11559.0	111.0	9176.0	70.0	7297.0	21.0	2040.0	1183.0	21360.0	51.0	4385.0	261.0	6785.0	0.0	0.0	0.0	0.0	0.0	0.0	0.0	0.0	6751.0	479283.3
1991	1280.0	118029.34	815.0	45587.85	769.0	60597.0	218.0	23151.0	304.0	28853.0	358.0	34313.0	206.0	20600.0	117.0	10477.0	182.0	15245.0	211.0	17686.0	157.0	9913.0	97.0	9438.0	78.0	7000.0	68.0	6284.0	54.0	4757.0	148.0	12279.0	117.0	9188.0	58.0	5808.0	31.0	2442.0	1227.0	21606.38	46.0	4485.47	263.0	7986.0	0.0	0.0	0.0	0.0	0.0	0.0	0.0	0.0	6804.0	475726.04
1992	1202.0	110464.0	833.0	48583.4	723.0	58739.0	247.0	24816.0	319.0	30605.0	307.0	27936.0	229.0	22437.0	117.0	10311.0	147.0	12185.0	192.0	15117.0	161.0	9881.18	101.0	9754.0	81.0	7918.0	71.0	6964.0	40.0	3755.0	120.0	10016.0	102.0	8132.0	51.0	5062.0	19.0	1781.0	1336.0	24470.9	59.0	4833.0	239.0	7015.0	0.0	0.0	0.0	0.0	0.0	0.0	0.0	0.0	6696.0	460775.48
1993	1256.0	116005.3	789.0	44781.76	698.0	56207.35	249.0	24328.0	369.0	35618.0	352.0	33563.0	272.0	26501.0	135.0	11985.0	174.0	14019.0	171.0	14019.0	169.0	11874.0	110.0	11150.0	110.0	9991.0	79.0	7769.0	48.0	4402.0	126.0	10142.0	122.0	9779.0	55.0	5744.0	19.0	1904.0	1357.0	23911.95	58.0	5328.0	207.0	6887.3	0.0	0.0	0.0	0.0	0.0	0.0	0.0	0.0	6925.0	485909.66
1994	1365.0	118732.53	1010.0	58244.3	824.0	64296.2	267.0	26633.53	380.0	35469.0	339.0	32655.0	237.0	22378.0	165.0	14985.0	158.0	12116.0	164.0	14395.0	194.0	14017.3	119.0	11286.0	114.0	9831.0	67.0	6288.0	55.0	4708.0	162.0	12946.3	143.0	10690.0	55.0	5070.0	34.0	3572.0	1677.0	29663.93	86.0	7125.0	270.0	8176.3	0.0	0.0	0.0	0.0	0.0	0.0	0.0	0.0	7885.0	523278.39
1995	1432.0	126228.67	1061.0	60653.59	871.0	66453.0	314.0	30422.0	436.0	39939.0	390.0	37825.0	265.0	24500.0	156.0	13465.0	198.0	16112.0	180.0	13924.0	236.0	16350.52	131.0	12177.0	143.0	11947.0	79.0	6902.0	48.0	4173.0	167.0	12290.0	161.0	12873.0	63.0	6212.0	40.0	3705.0	1830.0	30898.29	64.0	6107.39	276.0	7833.86	0.0	0.0	0.0	0.0	0.0	0.0	0.0	0.0	8541.0	560991.32
1996	1499.0	130445.71	1182.0	66536.92	985.0	73532.0	321.0	31381.0	444.0	41195.0	382.0	35589.0	288.0	27199.0	171.0	14917.0	195.0	15162.0	162.0	14061.0	217.0	13935.0	121.0	11331.0	135.0	10935.0	75.0	6694.0	59.0	4411.0	158.0	10896.0	183.0	14176.0	57.0	5499.0	14.0	1240.0	2090.0	36166.08	108.0	9737.0	296.0	9301.0	0.0	0.0	0.0	0.0	0.0	0.0	0.0	0.0	9142.0	584339.71
1997	1622.0	136915.57	1339.0	76848.35	1062.0	79925.35	383.0	37218.0	449.0	41540.0	390.0	36217.0	294.0	27924.0	210.0	17972.0	213.0	15673.3	223.0	16429.0	225.0	15801.0	128.0	12081.0	120.0	10348.0	98.0	9300.35	72.0	6153.0	161.0	11908.0	180.0	14603.0	74.0	6500.0	17.0	1652.3	2289.0	38056.17	82.0	8505.0	328.0	10598.0	0.0	0.0	0.0	0.0	0.0	0.0	0.0	0.0	9959.0	632168.39
1998	1748.0	140621.01	1580.0	86946.0	1167.0	84678.46	373.0	35255.35	480.0	42679.0	382.0	34152.0	328.0	29760.0	299.0	22994.0	236.0	17935.36	230.0	18810.0	230.0	15704.5	143.0	12383.0	116.0	8910.0	74.0	6361.0	70.0	4966.0	165.0	12054.0	187.0	14300.05	74.0	7257.0	21.0	1867.0	2789.0	46170.24	79.0	7205.0	309.0	8617.0	0.0	0.0	0.0	0.0	0.0	0.0	0.0	0.0	11080.0	659625.97
1999	1877.0	151072.18	1719.0	95110.82	1362.0	94495.32	412.0	39036.93	498.0	46635.0	413.0	38456.0	318.0	29251.0	271.0	20168.87	265.0	19873.0	243.0	20896.0	283.0	19926.0	138.0	12016.0	120.0	10249.0	107.0	9385.0	60.0	4865.0	186.0	13720.0	198.0	13580.0	89.0	8520.0	26.0	2303.0	3177.0	51697.79	100.0	10146.0	367.0	9755.42	0.0	0.0	0.0	0.0	0.0	0.0	0.0	0.0	12229.0	721158.33
2000	2249.0	175687.99	2087.0	116915.43	1463.0	99434.8	528.0	49160.0	546.0	47184.0	470.0	42070.0	392.0	34799.55	322.0	23479.0	347.0	24825.0	339.0	29298.3	319.0	20954.0	202.0	16292.0	158.0	12883.0	92.0	8594.0	88.0	7276.0	277.0	19502.0	207.0	14049.0	84.0	7701.0	20.0	1460.0	3667.0	58225.54	110.0	10375.0	505.0	12220.76	0.0	0.0	0.0	0.0	0.0	0.0	0.0	0.0	14472.0	832386.37
2001	2401.0	181891.81	2424.0	128536.09	1759.0	109465.91	597.0	53274.15	560.0	47210.71	493.0	44614.0	405.0	36193.21	304.0	24661.0	341.0	23737.65	357.0	30151.95	323.0	22075.0	221.0	17813.0	145.0	12772.0	108.0	9179.0	98.0	8744.0	256.0	16988.9	216.0	14326.16	132.0	12153.0	26.0	1694.0	4381.0	68306.83	120.0	11026.0	459.0	11273.0	0.0	0.0	0.0	0.0	0.0	0.0	0.0	0.0	16126.0	886087.37
2002	2900.0	208680.29	2801.0	155342.63	1997.0	114522.37	650.0	56635.84	682.0	53739.6	547.0	46420.86	457.0	39797.3	329.0	26258.42	458.0	29672.56	429.0	37044.57	405.0	25966.01	269.0	20191.0	167.0	14347.55	122.0	9821.0	133.0	10445.0	334.0	20962.3	268.0	16225.2	128.0	10670.0	36.0	2206.0	5244.0	82057.84	141.0	12291.0	553.0	13227.41	0.0	0.0	0.0	0.0	0.0	0.0	0.0	0.0	19050.0	1006524.75
2003	3199.0	219554.03	3494.0	192027.31	2412.0	139652.53	644.0	55611.33	731.0	54976.29	637.0	53151.35	441.0	39535.0	329.0	27566.34	545.0	34610.33	528.0	45093.04	396.0	26676.5	279.0	19829.3	180.0	14421.0	152.0	13800.0	133.0	9776.0	305.0	17341.92	284.0	17192.3	139.0	11789.3	58.0	3445.0	6200.0	94030.16	129.0	12700.0	645.0	15140.48	0.0	0.0	0.0	0.0	1.0	18.0	0.0	0.0	21861.0	1117937.51
2004	3812.0	236802.87	4349.0	246487.01	2819.0	144718.28	642.0	52172.04	755.0	54812.68	601.0	47770.68	414.0	34414.44	258.0	20988.11	683.0	39427.48	668.0	57759.34	426.0	24667.05	300.0	22334.47	218.0	15797.04	157.0	12479.4	175.0	11775.73	391.0	19793.21	356.0	19531.21	196.0	15033.0	40.0	2318.5	8271.0	121863.15	197.0	18428.33	722.0	15126.22	0.0	0.0	0.0	0.0	0.0	0.0	0.0	0.0	26450.0	1234500.24
2005	4664.0	269843.15	4652.0	263468.42	3258.0	160943.28	826.0	61750.47	968.0	64062.83	692.0	51372.1	526.0	39007.0	321.0	22751.45	873.0	48807.47	713.0	61763.3	552.0	30280.61	394.0	28300.0	272.0	20900.91	210.0	17664.15	230.0	14935.42	423.0	21405.81	405.0	20812.03	210.0	13469.33	62.0	2934.45	9977.0	143308.72	245.0	22114.0	865.0	16600.2	0.0	0.0	0.0	0.0	0.0	0.0	0.0	0.0	31338.0	1396495.1
2006	5371.0	292077.56	4718.0	264830.93	3651.0	173408.42	832.0	59161.13	1164.0	77383.96	786.0	52467.67	610.0	44286.65	357.0	26847.9	1120.0	60825.98	706.0	59301.46	590.0	32961.65	431.0	30833.32	296.0	21491.19	254.0	19884.74	227.0	14035.78	548.0	23926.56	453.0	21753.13	277.0	16666.77	60.0	2776.0	10446.0	147347.2	329.0	29544.02	902.0	20865.26	0.0	0.0	0.0	0.0	0.0	0.0	0.0	0.0	34128.0	1492677.28
2007	5863.0	299995.0	5076.0	282942.4	4020.0	171639.0	985.0	62344.4	1280.0	77561.0	876.0	53916.0	715.0	46084.4	348.0	23370.0	1230.0	64271.0	730.0	59603.0	636.0	31096.0	473.0	28050.0	335.0	23886.0	307.0	21933.4	211.0	12144.0	642.0	25345.0	544.0	23974.0	313.0	18729.0	86.0	4024.0	11544.0	157845.83	362.0	31654.0	997.0	19670.43	0.0	0.0	0.0	0.0	0.0	0.0	0.0	0.0	37573.0	1540077.86
2008	7093.0	337183.0	5513.0	309085.0	4670.0	189434.0	1190.0	68004.0	1531.0	83212.0	1074.0	62361.0	768.0	46577.04	508.0	30708.0	1442.0	64807.0	861.0	59903.0	877.0	40007.0	537.0	29807.0	413.0	27162.0	374.0	26214.0	279.0	16494.0	812.0	28730.0	667.0	25473.0	398.0	20909.0	101.0	3667.0	14228.0	194064.04	357.0	28851.0	1204.0	22564.0	0.0	0.0	0.0	0.0	0.0	0.0	0.0	0.0	44897.0	1715216.08
2009	10650.0	423864.0	6430.0	337208.0	6880.0	234374.0	1870.0	81957.0	2324.0	106733.0	1578.0	74246.0	1236.0	58781.0	1019.0	45714.0	1993.0	81806.0	1285.0	66888.0	1547.0	54852.0	1120.0	44617.0	1072.0	44839.0	866.0	41571.0	405.0	16491.0	1422.0	38435.0	1023.0	35054.0	406.0	17519.0	172.0	6423.0	18774.0	250120.0	412.0	24587.0	1460.0	24367.0	0.0	0.0	0.0	0.0	0.0	0.0	0.0	0.0	63944.0	2110446.0
2010	14029.0	476963.0	7255.0	356554.0	8634.0	253736.0	2649.0	93169.0	3012.0	113569.0	2168.0	86927.0	1449.0	56946.0	1534.0	56002.0	2468.0	85203.0	1738.0	66934.0	2428.0	70164.0	1697.0	53392.0	1842.0	73674.0	1299.0	57729.0	430.0	18778.0	2056.0	46267.0	1387.0	40051.0	574.0	21691.0	233.0	7423.0	23142.0	293765.0	593.0	31786.0	1943.0	29353.0	0.0	0.0	0.0	0.0	0.0	0.0	1.0	1.0	82561.0	2390077.0
2011	15078.0	505795.0	7389.0	361759.0	8914.0	254904.0	2863.0	93328.0	3365.0	122308.0	2270.0	84923.0	1560.0	61177.0	1652.0	62243.0	2799.0	93197.0	1883.0	69934.0	2636.0	79222.0	1828.0	54444.0	2020.0	77850.0	1385.0	62400.0	502.0	20037.0	2253.0	49215.0	1555.0	43057.0	561.0	22476.0	266.0	7542.0	25239.0	315891.0	593.0	26258.0	1981.0	31295.0	0.0	0.0	0.0	0.0	0.0	0.0	0.0	0.0	88592.0	2499255.0
2012	16343.0	525339.0	7688.0	364932.0	9040.0	266180.0	3066.0	97614.0	3707.0	129749.0	2306.0	83951.0	1579.0	64531.0	1653.0	59502.0	2846.0	96189.0	1993.0	70780.0	2899.0	84887.0	1950.0	57462.0	2243.0	83900.0	1501.0	65020.0	475.0	19320.0	2324.0	50702.0	1730.0	45289.0	572.0	22015.0	268.0	6989.0	26579.0	332456.0	653.0	26157.0	2038.0	31947.0	0.0	0.0	0.0	0.0	0.0	0.0	0.0	0.0	93453.0	2584911.0
2013	17571.0	585181.0	7582.0	362562.0	9472.0	278586.0	3471.0	114898.0	4022.0	154481.0	2368.0	91216.0	1765.0	71306.0	1888.0	68699.0	2964.0	94525.0	2047.0	72015.0	3335.0	101622.0	2130.0	69497.0	2507.0	100757.0	1709.0	75936.0	488.0	20147.0	2491.0	54645.0	1914.0	53068.0	627.0	22655.0	294.0	8481.0	27191.0	347163.0	721.0	32354.0	2082.0	29769.0	0.0	0.0	0.0	0.0	0.0	0.0	0.0	0.0	98639.0	2809563.0
