# year, 0, 0-length, 10, 10-length, 30, 30-length, 60, 60-length, 120, 120-length, 180, 180-length, total, total-length

0	0.0	0.0	0.0	0.0	0.0	0.0	0.0	0.0	0.0	0.0	0.0	0.0	0.0	0.0
1888	1.0	1.0	0.0	0.0	0.0	0.0	0.0	0.0	0.0	0.0	0.0	0.0	1.0	1.0
1891	4.0	4.0	0.0	0.0	0.0	0.0	0.0	0.0	0.0	0.0	0.0	0.0	4.0	4.0
1892	2.0	5.0	0.0	0.0	0.0	0.0	0.0	0.0	0.0	0.0	0.0	0.0	2.0	5.0
1893	1.0	1.0	0.0	0.0	0.0	0.0	0.0	0.0	0.0	0.0	0.0	0.0	1.0	1.0
1894	28.0	28.0	0.0	0.0	0.0	0.0	0.0	0.0	0.0	0.0	0.0	0.0	28.0	28.0
1895	33.0	43.0	0.0	0.0	0.0	0.0	0.0	0.0	0.0	0.0	0.0	0.0	33.0	43.0
1896	154.0	167.0	0.0	0.0	0.0	0.0	0.0	0.0	0.0	0.0	0.0	0.0	154.0	167.0
1897	105.0	115.0	1.0	20.0	0.0	0.0	0.0	0.0	0.0	0.0	0.0	0.0	106.0	135.0
1898	52.0	60.0	2.0	28.0	0.0	0.0	0.0	0.0	0.0	0.0	0.0	0.0	54.0	88.0
1899	75.0	94.0	1.0	13.0	0.0	0.0	0.0	0.0	0.0	0.0	0.0	0.0	76.0	107.0
1900	89.0	150.0	1.0	10.0	0.0	0.0	0.0	0.0	0.0	0.0	0.0	0.0	90.0	160.0
1901	92.0	189.0	1.0	11.0	1.0	30.0	0.0	0.0	0.0	0.0	0.0	0.0	94.0	230.0
1902	58.0	122.0	2.0	26.0	0.0	0.0	0.0	0.0	0.0	0.0	0.0	0.0	60.0	148.0
1903	93.0	200.0	10.0	151.0	1.0	44.0	0.0	0.0	0.0	0.0	0.0	0.0	104.0	395.0
1904	104.0	339.0	10.0	146.0	1.0	55.0	0.0	0.0	0.0	0.0	0.0	0.0	115.0	540.0
1905	70.0	264.0	17.0	217.0	0.0	0.0	1.0	100.0	0.0	0.0	0.0	0.0	88.0	581.0
1906	73.0	342.0	15.0	198.0	2.0	65.0	1.0	70.0	0.0	0.0	0.0	0.0	91.0	675.0
1907	80.0	378.0	26.0	339.0	0.0	0.0	1.0	75.0	0.0	0.0	0.0	0.0	107.0	792.0
1908	98.0	543.0	79.0	1057.0	5.0	179.0	1.0	90.0	1.0	120.0	0.0	0.0	184.0	1989.0
1909	122.0	660.0	106.0	1282.0	5.0	182.0	0.0	0.0	0.0	0.0	0.0	0.0	233.0	2124.0
1910	59.0	351.14	145.0	2117.0	8.0	315.0	6.0	414.0	1.0	120.0	0.0	0.0	219.0	3317.14
1911	54.0	341.0	257.0	3835.0	33.0	1383.0	5.0	462.0	0.0	0.0	0.0	0.0	349.0	6021.0
1912	74.0	436.0	279.0	3880.0	39.0	1572.0	8.0	545.0	2.0	246.0	0.0	0.0	402.0	6679.0
1913	35.0	210.0	275.0	4108.0	70.0	2724.0	29.0	2397.0	5.0	645.0	2.0	500.0	416.0	10584.0
1914	26.0	183.0	290.0	4419.0	106.0	4378.0	36.0	2708.0	0.0	0.0	7.0	2009.0	465.0	13697.0
1915	21.0	116.0	272.0	4447.0	170.0	7605.0	43.0	3030.0	1.0	125.0	5.0	1474.0	512.0	16797.0
1916	22.0	88.85	160.0	2662.0	278.0	13463.0	79.0	5687.0	2.0	273.0	6.0	1690.0	547.0	23863.85
1917	19.0	108.0	133.0	2216.0	269.0	12808.0	122.0	8964.0	4.0	527.0	7.0	2737.0	554.0	27360.0
1918	16.0	62.0	96.0	1665.0	224.0	11097.0	144.0	10001.0	8.0	1086.0	6.0	2100.0	494.0	26011.0
1919	19.0	85.0	105.0	1977.0	193.0	9614.0	155.0	11220.0	12.0	1591.0	7.0	2091.0	491.0	26578.0
1920	23.0	118.0	132.0	2415.0	158.0	7840.0	202.0	14473.0	5.0	752.0	3.0	805.0	523.0	26403.0
1921	28.0	127.0	105.0	1926.0	151.0	7460.0	208.0	14969.0	6.0	861.0	3.0	776.0	501.0	26119.0
1922	31.0	197.0	66.0	1231.0	148.0	7291.0	234.0	16939.0	10.0	1330.0	4.0	1061.0	493.0	28049.0
1923	38.0	199.0	83.0	1536.0	81.0	4065.0	285.0	21108.0	10.0	1279.0	6.0	1512.0	503.0	29699.0
1924	37.0	211.0	116.0	1973.0	101.0	5049.0	322.0	23392.0	19.0	2601.0	5.0	988.0	600.0	34214.0
1925	35.0	204.0	113.0	2093.0	119.0	5957.0	386.0	28907.0	15.0	2133.0	3.0	859.0	671.0	40153.0
1926	78.0	451.0	174.0	3235.0	112.0	5681.0	406.0	30582.0	12.0	1716.0	8.0	1774.0	790.0	43439.0
1927	88.0	562.0	129.0	2275.0	94.0	4804.0	424.0	30955.0	19.0	2539.0	3.0	740.0	757.0	41875.0
1928	121.0	806.0	140.0	2376.0	103.0	5191.0	468.0	34977.0	18.0	2452.0	3.0	585.0	853.0	46387.0
1929	232.0	1210.0	328.0	5812.0	70.0	3497.0	465.0	36608.0	25.0	3402.0	4.0	904.0	1124.0	51433.0
1930	190.0	1373.0	414.0	7079.0	99.0	4778.0	707.0	56629.0	9.0	1200.0	6.0	1257.0	1425.0	72316.0
1931	169.0	1149.0	385.0	6688.0	133.0	6729.0	906.0	72809.0	12.0	1654.0	12.0	2628.0	1617.0	91657.0
1932	183.0	1308.0	322.0	5587.0	161.0	8192.0	924.0	72722.0	18.0	2508.0	12.0	2708.0	1620.0	93025.0
1933	141.0	994.0	319.0	5721.0	135.0	6699.0	919.0	71789.0	18.0	2509.0	10.0	2268.0	1542.0	89980.0
1934	140.0	988.0	433.0	7439.0	142.0	6990.0	959.0	75666.0	28.0	3958.0	12.0	2843.0	1714.0	97884.0
1935	164.0	1156.0	349.0	5802.2	165.0	8728.0	979.0	76948.0	35.0	5051.0	12.0	2878.0	1704.0	100563.2
1936	239.0	1616.0	374.0	6053.0	172.0	8957.0	1071.0	84891.0	51.0	7321.0	16.0	3949.0	1923.0	112787.0
1937	223.0	1571.0	454.0	6953.0	230.0	11455.0	1076.0	86610.0	44.0	6215.0	14.0	3517.0	2041.0	116321.0
1938	264.0	1831.0	429.0	6361.0	214.0	10605.0	1103.0	90477.0	55.0	7923.0	14.0	3293.0	2079.0	120490.0
1939	221.0	1606.0	362.0	5518.0	169.0	8514.0	1074.0	88663.0	57.0	8056.0	19.0	4434.0	1902.0	116791.0
1940	212.0	1476.0	264.0	3973.0	115.0	6234.0	969.0	79267.5	55.0	7599.0	19.0	4504.0	1634.0	103053.5
1941	280.0	1861.0	300.0	4381.0	106.0	5594.52	911.0	75878.0	52.0	7218.0	21.0	4851.0	1670.0	99783.52
1942	299.0	1983.0	293.0	4285.0	119.0	6204.0	952.0	79516.0	47.0	6611.0	17.0	3951.0	1727.0	102550.0
1943	210.0	1374.0	262.0	3920.0	136.0	6987.0	875.0	74116.0	47.0	6126.0	12.0	2772.0	1542.0	95295.0
1944	216.0	1378.0	268.0	3987.0	120.0	6070.0	727.0	61809.0	36.0	4743.0	10.0	2343.0	1377.0	80330.0
1945	216.0	1426.0	255.0	3822.0	115.0	5816.0	646.0	54661.0	27.0	3556.0	9.0	2060.0	1268.0	71341.0
1946	214.0	1469.0	291.0	4292.0	122.0	6076.0	713.0	60946.0	41.0	5509.0	6.0	1529.0	1387.0	79821.0
1947	183.0	1318.0	316.0	4677.0	110.0	5420.0	772.0	66856.0	41.0	5518.0	11.0	2345.0	1433.0	86134.0
1948	214.0	1556.0	328.0	4753.0	120.0	5839.0	845.0	72734.0	59.0	8061.0	6.0	1360.0	1572.0	94303.0
1949	218.0	1524.0	352.0	5115.0	87.0	4154.0	994.0	86978.0	48.0	6792.0	8.0	1727.0	1707.0	106290.0
1950	199.0	1437.0	336.0	5318.0	100.0	4608.0	1084.0	95097.0	54.0	7344.0	10.0	2182.0	1783.0	115986.0
1951	225.0	1578.3	349.0	5457.0	108.0	5015.0	1098.0	96557.0	50.0	6839.0	12.0	2569.0	1842.0	118015.3
1952	244.0	1618.0	382.0	5871.0	98.0	4307.0	1107.0	98530.0	53.0	7495.0	12.0	2449.0	1896.0	120270.0
1953	232.0	1521.0	404.0	6263.0	112.0	4688.0	1169.0	102857.0	74.0	10536.0	12.0	2378.0	2003.0	128243.0
1954	209.0	1432.0	339.0	5252.0	118.0	4692.0	1162.0	103475.0	76.0	10497.0	18.0	3513.0	1922.0	128861.0
1955	229.0	1557.0	374.0	5960.6	134.0	5185.0	1215.0	108891.0	78.0	10620.0	13.0	2519.0	2043.0	134732.6
1956	195.0	1363.0	378.0	6145.0	134.0	5154.0	1289.0	115573.0	63.0	8600.0	9.0	1792.0	2068.0	138627.0
1957	191.0	1225.0	410.0	6643.11	164.0	6082.0	1410.0	124174.0	72.0	9871.0	15.0	3128.0	2262.0	151123.11
1958	141.0	922.0	436.0	7221.0	171.0	6922.0	1430.0	126330.0	91.0	12462.0	9.0	1850.0	2278.0	155707.0
1959	139.0	912.0	374.0	6274.0	190.0	7983.0	1497.0	132423.0	110.0	14731.0	17.0	3484.0	2327.0	165807.0
1960	127.0	808.0	436.0	7316.0	196.0	8072.0	1553.0	137420.0	110.0	14988.0	12.0	2423.0	2434.0	171027.0
1961	161.0	1021.0	483.0	8239.0	192.0	8466.0	1583.0	140387.0	121.0	16343.0	16.0	3174.0	2556.0	177630.0
1962	185.0	1142.0	549.0	9180.0	181.0	7502.0	1626.0	145355.0	140.0	19218.0	12.0	2452.0	2693.0	184849.0
1963	238.0	1472.0	580.0	9714.0	220.0	9403.0	1526.0	136294.0	137.0	18704.0	13.0	2754.0	2714.0	178341.0
1964	172.0	1084.0	680.0	11637.0	243.0	10361.0	1714.0	153431.0	141.0	19197.0	13.0	2853.0	2963.0	198563.0
1965	234.0	1421.0	586.0	10098.0	312.0	13273.0	1788.0	159185.0	174.0	24118.0	18.0	3866.0	3112.0	211961.0
1966	254.0	1486.0	614.0	10548.0	302.0	12427.0	1857.0	165919.0	153.0	21042.0	13.0	2852.0	3193.0	214274.0
1967	330.0	1888.0	668.0	11625.0	405.0	16769.0	2048.0	182354.0	242.0	34515.0	28.0	6002.0	3721.0	253153.0
1968	232.0	1415.0	650.0	11183.0	329.0	13749.0	2352.0	208648.0	274.0	39624.0	19.0	4359.0	3856.0	278978.0
1969	263.0	1490.0	684.0	11572.0	328.0	14079.0	2236.0	197458.0	162.0	22053.0	29.0	6151.0	3702.0	252803.0
1970	213.0	1351.0	653.0	11228.0	395.0	17160.0	2343.0	206477.0	163.0	22383.0	15.0	3074.0	3782.0	261673.0
1971	197.0	1205.0	697.0	12092.0	345.0	14771.0	2223.0	196980.0	156.0	21152.0	31.0	6415.0	3649.0	252615.0
1972	182.0	1115.0	620.0	11319.0	328.0	13888.0	2226.0	196677.0	143.0	19410.0	21.0	4383.0	3520.0	246792.0
1973	159.0	993.0	642.0	11442.0	355.0	15351.0	2163.0	191619.0	135.0	18593.0	27.0	5713.0	3481.0	243711.0
1974	176.0	1066.0	644.0	11203.0	393.0	16388.0	2184.0	194467.0	159.0	21666.0	23.0	4759.0	3579.0	249549.0
1975	179.0	1123.0	654.0	11422.0	403.0	17064.0	2075.0	184536.0	187.0	25267.0	31.0	6761.0	3529.0	246173.0
1976	195.0	1234.0	646.0	11261.0	387.0	16553.0	2101.0	187877.0	182.0	24669.0	26.0	5795.0	3537.0	247389.0
1977	188.0	1106.0	562.0	10360.0	373.0	16018.0	1956.0	174323.0	255.0	34491.0	33.0	7740.0	3367.0	244038.0
1978	237.0	1314.0	580.0	10772.0	382.0	16745.0	2146.0	191071.0	230.0	31074.0	41.0	8929.0	3616.0	259905.0
1979	235.0	1223.0	540.0	9981.89	426.0	18317.0	2187.0	196322.0	248.0	33729.0	38.0	8157.0	3674.0	267729.89
1980	210.0	1165.5	602.0	11254.0	458.0	20186.0	2150.0	192767.0	280.0	37946.0	43.0	9247.0	3743.0	272565.5
1981	168.0	967.0	502.0	9436.0	431.0	18817.0	2140.0	190074.0	286.0	38269.0	56.0	12029.0	3583.0	269592.0
1982	186.0	1121.5	485.0	8820.0	393.0	17261.4	2248.0	200207.0	263.0	35495.0	46.0	9779.0	3621.0	272683.9
1983	192.0	1189.0	495.0	9215.0	474.0	21321.74	2291.0	203350.16	242.0	33147.0	46.0	10624.0	3740.0	278846.9
1984	196.0	1171.45	490.0	8873.1	473.0	20947.55	2215.0	197466.22	240.0	32776.0	43.0	8981.0	3657.0	270215.32
1985	247.0	1384.0	557.0	10308.0	525.0	23213.0	2337.0	207548.0	251.0	34282.0	50.0	12046.0	3967.0	288781.0
1986	217.0	1194.3	557.0	10398.0	575.0	25729.96	2519.0	223256.0	278.0	37456.0	50.0	10683.0	4196.0	308717.26
1987	242.0	1382.0	544.0	10092.0	546.0	24158.0	2829.0	251907.0	223.0	30368.0	48.0	10376.0	4432.0	328283.0
1988	288.0	1676.35	549.0	10020.0	591.0	26160.78	2719.0	243221.0	252.0	34227.0	68.0	15356.0	4467.0	330661.13
1989	278.0	1580.02	580.0	10348.37	580.0	25789.5	2666.0	240188.5	297.0	40311.0	65.0	14973.0	4466.0	333190.39
1990	309.0	1694.0	666.0	12060.0	667.0	29290.3	2694.0	239044.0	261.0	35833.0	63.0	13621.0	4660.0	331542.3
1991	346.0	1879.0	693.0	12896.38	772.0	35049.81	2547.0	227300.0	267.0	36122.0	82.0	17789.0	4707.0	331036.19
1992	349.0	1941.0	764.0	14294.9	763.0	34122.6	2535.0	226540.0	253.0	34198.0	72.0	15344.0	4736.0	326440.5
1993	383.0	2093.95	759.0	13870.3	719.0	32149.46	2529.0	225027.0	265.0	35976.0	73.0	15334.0	4728.0	324450.71
1994	460.0	2636.8	941.0	16966.13	982.0	44125.0	2805.0	248998.0	293.0	39789.0	69.0	14730.0	5550.0	367244.93
1995	528.0	2980.79	1038.0	18308.5	963.0	43446.36	3053.0	269195.4	287.0	38764.0	73.0	15593.0	5942.0	388288.05
1996	590.0	3273.71	1171.0	20969.37	1037.0	46550.75	3077.0	272655.0	301.0	39940.0	78.0	16206.0	6254.0	399594.83
1997	661.0	3803.81	1352.0	24220.36	1076.0	49046.0	3246.0	287897.0	321.0	42842.0	90.0	18769.0	6746.0	426578.17
1998	773.0	4432.91	1685.0	29683.33	1234.0	56245.04	3358.0	298975.0	326.0	43808.0	86.0	18048.0	7462.0	451192.28
1999	959.0	5404.72	1832.0	32028.71	1290.0	58173.82	3505.0	311852.0	374.0	50771.0	99.0	19909.0	8059.0	478139.25
2000	1173.0	6532.24	2099.0	37058.3	1451.0	65989.7	3965.0	350697.0	421.0	57008.0	108.0	22896.0	9217.0	540181.24
2001	1456.0	8082.06	2480.0	43498.77	1554.0	70187.77	4163.0	368080.0	435.0	58460.0	152.0	32168.0	10240.0	580476.6
2002	1699.0	9501.72	3052.0	53026.49	1694.0	75769.31	4492.0	396338.54	522.0	69625.0	154.0	32359.0	11613.0	636620.06
2003	2123.0	12095.82	3580.0	62346.11	1954.0	88389.67	4847.0	424371.74	601.0	80023.0	188.0	41768.0	13293.0	708994.34
2004	2915.0	16551.55	4761.0	81146.64	2358.0	105681.15	5307.0	462538.22	688.0	91828.0	224.0	52265.0	16253.0	810010.56
2005	3715.0	20800.38	5579.0	94302.95	2573.0	114711.91	5971.0	519161.74	772.0	103003.0	244.0	54918.0	18854.0	906897.98
2006	3995.0	22640.16	5900.0	99014.85	2482.0	110977.73	6480.0	565815.45	779.0	103716.0	235.0	52113.0	19871.0	954277.19
2007	4615.0	25949.43	6387.0	107415.4	2730.0	121989.0	6667.0	579640.0	713.0	94587.0	227.0	51581.0	21339.0	981161.83
2008	5773.0	32415.04	7705.0	128389.0	2983.0	131822.0	7270.0	636165.0	756.0	101030.0	207.0	47788.0	24694.0	1077609.04
2009	7843.0	44364.0	10163.0	167884.0	3376.0	147776.0	7866.0	685148.0	828.0	110510.0	159.0	36501.0	30235.0	1192183.0
2010	10415.0	58720.0	12086.0	197660.0	3528.0	154341.0	7959.0	689442.0	753.0	100809.0	150.0	34492.0	34891.0	1235464.0
2011	11543.0	64697.0	13041.0	211871.0	3474.0	150521.0	8327.0	720608.0	789.0	105660.0	117.0	26898.0	37291.0	1280255.0
2012	12014.0	67758.0	13944.0	226157.0	3310.0	142322.0	8504.0	736889.0	785.0	105194.0	105.0	24462.0	38662.0	1302782.0
2013	11984.0	68008.0	14437.0	234530.0	3127.0	133375.0	8782.0	762972.0	853.0	114452.0	102.0	24223.0	39285.0	1337560.0
